var API_ID_ARR = [4321,

33639,
21227,
20909,
28223,
29462,
20824,
3744,

100944,
100954,
105206,
105220,
105263,
105284,
108094,
108099,
112363,
112405,
116180,
116425,
12192,
12194,
12217,
12223,
12225,
127356,
129013,
12985,
13044,
13045,
13070,
13072,
13074,
130939,
130951,
131079,
131111,
131112,
13280,
13281,
136269,
15272,
15274,
15282,
15284,
15323,
15869,
15870,
15876,
15879,
15882,
15885,
15888,
16123,
16125,
16127,
165555,
16713,
16717,
17006,
17547,
17549,
17857,
18180,
18670,
18907,
19051,
20153,
20157,
20196,
20198,
20202,
20205,
20209,
20211,
20212,
20213,
20214,
20215,
20218,
20236,
20270,
20315,
20320,
20333,
20336,
20338,
20339,
20342,
20346,
20348,
20438,
20441,
20444,
20446,
20448,
20580,
20583,
20585,
20591,
20594,
20600,
20640,
20644,
20647,
20650,
20652,
20655,
20656,
20659,
20661,
20679,
20680,
20681,
20685,
20688,
20691,
20714,
20718,
20722,
20724,
20726,
20728,
20730,
20744,
20745,
20748,
20806,
20814,
20817,
20819,
20822,
20823,
20825,
20826,
20828,
20892,
20903,
20907,
20908,
20910,
20911,
20920,
20980,
20986,
20991,
21007,
21012,
21017,
21213,
21215,
21219,
21222,
21224,
21229,
21232,
21239,
21244,
21357,
21359,
21365,
21370,
21374,
21378,
21380,
21382,
21384,
21626,
21641,
21650,
21652,
21669,
21706,
21708,
21710,
21760,
21770,
21773,
21775,
21833,
21859,
21869,
21871,
21875,
21878,
21981,
22015,
22169,
22171,
22177,
22180,
22185,
22191,
22207,
22212,
22240,
22245,
22248,
22254,
22258,
22262,
22264,
22268,
22272,
22280,
22325,
22326,
22328,
22329,
22330,
22333,
22352,
22354,
22407,
22410,
22418,
22422,
22428,
22430,
22434,
22453,
22458,
23423,
23425,
23429,
23432,
23435,
2349,

23728,
23734,
23741,
23743,
23745,
24305,
24307,
24402,
24405,
24854,
24866,
24871,
24885,
24887,
24892,
25082,
25238,
25594,
25613,
25817,
25820,
25822,
25825,
25830,
25916,
25917,
25925,
26113,
26121,
26129,
26194,
27370,
27591,
27634,
27674,
27681,
27993,
27996,
28019,
28021,
28023,
28025,
28027,
28081,
28083,
28087,
28089,
28125,
28128,
28131,
28136,
28151,
28154,
28172,
28174,
28176,
28204,
28208,
28216,
28219,
28221,
28225,
28227,
28229,
28276,
28278,
28317,
28323,
28326,
28330,
28332,
28333,
28336,
28342,
28431,
28650,
28652,
28654,
28657,
28665,
28700,
28703,
28764,
28767,
28770,
28772,
28774,
28776,
28778,
28880,
28882,
28885,
28888,
28890,
28893,
29001,
29004,
29008,
29010,
29131,
29133,
29193,
29196,
29198,
29200,
29366,
29368,
29370,
29374,
29376,
29455,
29458,
29460,
29552,
29554,
29556,
29559,
29711,
29713,
29715,
29718,
29721,
29733,
29758,
29762,
29904,
29924,
29926,
29928,
29935,
30016,
30019,
30020,
30022,
30024,
30029,
30117,
30119,
30121,
30123,
30126,
30169,
30173,
30175,
30177,
30179,
30182,
30359,
30361,
30364,
30367,
30369,
30371,
30373,
30377,
30379,
30386,
30388,
30391,
30393,
30421,
30423,
30424,
30428,
30521,
30523,
30536,
30544,
30550,
30566,
30568,
30736,
30883,
30887,
30912,
30920,
30925,
31002,
31004,
32544,
32548,
32686,
32688,
32691,
32775,
32777,
32785,
32870,
32873,
32875,
32882,
33001,
33004,
33008,
33010,
33017,
33127,
33129,
33268,
33271,
33332,
33393,
33399,
33401,
33403,
33405,
33460,
33522,
33524,
33526,
33636,
33645,
33866,
33869,
33871,
33873,
33875,
33936,
33939,
33942,
33945,
34213,
34215,
34223,
34225,
34324,
34332,
34334,
34440,
34483,
34487,
34489,
34491,
34493,
34496,
34499,
34506,
34602,
34604,
34609,
34750,
34754,
34847,
34849,
34851,
34854,
35027,
35030,
35124,
35226,
35228,
35230,
35232,
35407,
35678,
35681,
35684,
35687,
35811,
35813,
35816,
35818,
35821,
35825,
35947,
35949,
35953,
35955,
3638,

3639,

3640,

3641,

3642,

3643,

3644,

3645,

3646,

3647,

3648,

3649,

3650,

3653,

3655,

36984,
36988,
36992,
37190,
37191,
37195,
37204,
37210,
37214,
37356,
37359,
37361,
37366,
37370,
37746,
37749,
38026,
38030,
38032,
38035,
3807,

3808,

38277,
38307,
38310,
38312,
38360,
38367,
38370,
38371,
38380,
38959,
38962,
38964,
38967,
39698,
39700,
39704,
39707,
39710,
40811,
40839,
40842,
40845,
40847,
40990,
40992,
41116,
41122,
41125,
41192,
41587,
41590,
41592,
41819,
41866,
41868,
41871,
41962,
41967,
41971,
41974,
41989,
42099,
42101,
42103,
42106,
42110,
42344,
42433,
42435,
42438,
42440,
42596,
42598,
42663,
42680,
42685,
42687,
42694,
42841,
42843,
42850,
43042,
43044,
43046,
4322,

4323,

4324,

43247,
4325,

43253,
43257,
4326,

43265,
4327,

4328,

4329,

4330,

4331,

4332,

4333,

4334,

4335,

4336,

4337,

4338,

4339,

4340,

4342,

4343,

4345,

4346,

4347,

4348,

4349,

4350,

4351,

4352,

4353,

4354,

43595,
43598,
43602,
43604,
4371,

43814,
43818,
43933,
43937,
4399,

43998,
4400,

44001,
44003,
44007,
4401,

4402,

4403,

4404,

4405,

4406,

4407,

4408,

4409,

4410,

4411,

4412,

4413,

4414,

4415,

4416,

4417,

4418,

4419,

4420,

4421,

4422,

4423,

4424,

4425,

4426,

4427,

4428,

4429,

4431,

4432,

4433,

4434,

4435,

4436,

4437,

4438,

4439,

4440,

4441,

4442,

4443,

4444,

4445,

4446,

4447,

4448,

4449,

4450,

44749,
44752,
44799,
44803,
44952,
44955,
44957,
44959,
45031,
45044,
4521,

4522,

4523,

4524,

45250,
45258,
4526,

45262,
4527,

4528,

4529,

4530,

4531,

4532,

4533,

4534,

4535,

4536,

4537,

4538,

4539,

4540,

4541,

4542,

4543,

4544,

4545,

4546,

4547,

4548,

4549,

4550,

4551,

4552,

4553,

4554,

4555,

4556,

4557,

4558,

4559,

4560,

45607,
45609,
4561,

45612,
45615,
45617,
4562,

4563,

4564,

4566,

4568,

4569,

4570,

4571,

4572,

4573,

4574,

4575,

4576,

4577,

4578,

4579,

4580,

4581,

45816,
4582,

45821,
4583,

45832,
4584,

4585,

4586,

4587,

4588,

4589,

4590,

4591,

4592,

4593,

4594,

4595,

4596,

4597,

4598,

4599,

4600,

4601,

4602,

4603,

4604,

4605,

4606,

4607,

4608,

4609,

4611,

4613,

4614,

4615,

4616,

4617,

4618,

4619,

4620,

4622,

4623,

4624,

4625,

4626,

4627,

4628,

4629,

4630,

4631,

48794,
48800,
48807,
49600,
49605,
49610,
5011,

5012,

5013,

5014,

5016,

5017,

5018,

5019,

5020,

5021,

5022,

5023,

5024,

5025,

5026,

5027,

5028,

5029,

5030,

5031,

5032,

5033,

5034,

5035,

5036,

5038,

50730,
50734,
50741,
50754,
51845,
52008,
52015,
5280,

5281,

5282,

5283,

5284,

5285,

5286,

5287,

5289,

5290,

5294,

5295,

5296,

5297,

5298,

5299,

5301,

5302,

5303,

5304,

5305,

5306,

5307,

5308,

5309,

5310,

5311,

5312,

5313,

5314,

5315,

5316,

53166,
5317,

53174,
53178,
5318,

5319,

5320,

5321,

5322,

5323,

5324,

5325,

5326,

5327,

5328,

5329,

5330,

5331,

5332,

5333,

5334,

5335,

5336,

5337,

5338,

5339,

5340,

5341,

5343,

5344,

5345,

5346,

5347,

5348,

5349,

5350,

5351,

5352,

5353,

5354,

5355,

5356,

5357,

5358,

5359,

5360,

5361,

5362,

5363,

5365,

5366,

5367,

5368,

5369,

5370,

5371,

5372,

5373,

5374,

5376,

5377,

5378,

5379,

5380,

5381,

5382,

5383,

5384,

5385,

5386,

5387,

5388,

5389,

5391,

53915,
5392,

5393,

5394,

53944,
5395,

53950,
5396,

5397,

5398,

5399,

5400,

5401,

5402,

5403,

5404,

5405,

5406,

5407,

5408,

5409,

5410,

55544,
55547,
55553,
56078,
56246,
56249,
56253,
56654,
56678,
56682,
57466,
57471,
57481,
57676,
57705,
57734,
57742,
57750,
58121,
58125,
59304,
59317,
59968,
59973,
60409,
60419,
60424,
60618,
60622,
60631,
6088,

6093,

6094,

6095,

6096,

6097,

6098,

6099,

6100,

6101,

6102,

6103,

6104,

61047,
6105,

6106,

61061,
61066,
6107,

61073,
6108,

6109,

6110,

6111,

6112,

6113,

61138,
6114,

6115,

6116,

6117,

61667,
61902,
61912,
62640,
62648,
62659,
63304,
63308,
63312,
6341,

6343,

6393,

6411,

6412,

6451,

6452,

6453,

6454,

6455,

6476,

66685,
66694,
67430,
67462,
68084,
68088,
68093,
70352,
70365,
70469,
71321,
71334,
71862,
71873,
71884,
73132,
73143,
7480,

7481,

7482,

7483,

7484,

74894,
74912,
74924,
75285,
75440,
75475,
7559,

7562,

7564,

7565,

7567,

7577,

7580,

7581,

7586,

7588,

7590,

7592,

7595,

7599,

7600,

7624,

7625,

7626,

7627,

7634,

7635,

7636,

7650,

7653,

77286,
77306,
77337,
78172,
78190,
78227,
79849,
79864,
79875,
79887,
81403,
81445,
84247,
84262,
84752,
84831,
8682,

8683,

8692,

8693,

8694,

8695,

8696,

8716,

8717,

8760,

8761,

8762,

8763,

8764,

8767,

8825,

8832,

8846,

89572,
23737,
171986,
55540,
172091,
171390,
170958,
45260,
1182,

5375,

175683,
129604,
29378,
20304,
4567,

26132,
131154,
176336,
177124,
72955,
170452,
175611,
175618,
175671,
66259,
62529,
138642,
7605,
178467,
178861,
177462,
177175,
178978,
107672,
179018,
22327,
78152,
66193,
112392,
61877,
84232,
45253,
25921,
5293,
24294,
33022,
25946,
176280,
166503,
67447,
20131,
28328,
24926,
150519,
150545,
141464,
27368,
72438,
25721,
179896,
177863,
178885,
179926,
20387,
179164,
179077,
177759,
176004,
141171,
141331,
18244,
180539,
180595,
5288,
17778,
37040,
71077,
129035,
180716,
127667,
66270,
19745,
180804,
33914,
4430,
35823,
32699,
29348,
179109,
48787,
179329,
179345,
127738,
116384,
180678,
180001,
180013,
180820,
180840,
166390,
179980,
55650,
136984,
137013,
139467,
29041,
5292,
67096,
59966,
136244,
6339,
181373,
179990,
30167,
182258,
182288,
182325,
182340,
182346,
182364,
182396,
182416,
182463,
183189,
184163,
184187,
184221,
176669,
32694,
27594,
40806,
20905,
42837,
22441,
1183,
5342,
5039,
5015,
20635,
5300,
35165,
177503,
171884,
166548,
136211,
32880,
55676,
184135,
177157,
184237,
184298,
185625,
185669,
185695,
185873,
177139,
185953,
166594,
186277,
186253]

// console.log(API_ID_ARR)

// var item = API_ID_ARR[Math.floor(Math.random()*API_ID_ARR.length)]
// console.log(item)
// on click of button, run function that randomly selects item from array list...then call api function that grabs data and prints data on page
exports.API_ID_ARR = API_ID_ARR;
